diary on
sign_der()
    1.0000    0.8522

    0.8522

    2.0000    0.8752

    0.8752

    3.0000    0.8773

    0.8773

    4.0000    0.8776

    0.8776

    5.0000    0.8776

    0.8776

    6.0000    0.8776

    0.8776

    7.0000    0.8776

    0.8776

    8.0000    0.8776

    0.8776

    9.0000    0.8776

    0.8776

   10.0000    0.8776

    0.8776

   11.0000    0.8776

    0.8776

   12.0000    0.8776

    0.8776

   13.0000    0.8776

    0.8776

   14.0000    0.8771

    0.8771

   15.0000    0.8882

    0.8882

   16.0000    1.1102

    1.1102

    17     0

     0

    18     0

     0

    19     0

     0

    20     0

     0


ans =

     0

diary off
